[array([0.448979, 0.142857]), array([0.693877, 0.673469]), array([0.999999, 0.789473, 0.368421]), array([0.496549, 0.501841, 0.012308, 0.428168]), array([0.434175, 0.825427, 0.503585, 0.91108 ]), array([0.507728, 0.382637, 0.454993, 0.374126, 0.825804]), array([0.144277, 0.891768, 0.397863, 0.605881, 0.018999, 0.346618]), array([0.36951 , 0.363735, 0.198073, 0.862964, 0.355836, 0.519775,
       0.25801 , 0.676804])]
[array([0.708964, 0.494269]), array([0.965009, 0.754037]), array([0.579462, 0.533837, 0.014859]), array([0.543856, 0.42848 , 0.415845, 0.268982]), array([0.349989, 0.846196, 0.898888, 0.892399]), array([0.570911, 0.286111, 0.619112, 0.88028 , 0.      ]), array([0.01333 , 0.543125, 0.604925, 0.220922, 0.400476, 0.73541 ]), array([0.09955 , 0.145551, 0.062205, 0.074927, 1.      , 0.882307,
       0.417171, 1.      ])]
[array([0.986481, 0.986619]), array([0.686316, 0.030316]), array([1.      , 0.669794, 0.852827]), array([0.427629, 0.419856, 0.400742, 0.398136]), array([0.900721, 0.      , 1.      , 1.      ]), array([0.383069, 0.      , 0.865257, 1.      , 0.      ]), array([0.      , 0.543118, 0.604979, 0.209641, 0.370611, 0.773404]), array([0.067328, 0.056131, 0.189199, 0.      , 1.      , 0.411794,
       0.083345, 0.      ])]
[array([0.060194, 0.333985]), array([0.673848, 1.      ]), array([0.879425, 0.035487, 0.649144]), array([0.389272, 0.417332, 0.404425, 0.438075]), array([0.604461, 0.7663  , 0.901927, 0.999774]), array([0.528391, 0.388505, 0.378203, 1.      , 0.      ]), array([0.      , 0.261823, 0.623526, 0.173633, 0.3524  , 0.687293]), array([0.132486, 0.145469, 0.145046, 0.112968, 1.      , 0.420346,
       0.214975, 1.      ])]
[array([0.740501, 0.838613]), array([0.694012, 0.552245]), array([0.999999, 0.999999, 0.511105]), array([0.389269, 0.399017, 0.409621, 0.436993]), array([0.      , 0.      , 0.999999, 0.999999]), array([0.49504 , 0.374145, 0.668601, 0.730433, 0.042307]), array([0.      , 0.173902, 0.980389, 0.036612, 0.360671, 0.758884]), array([0.185541, 0.171257, 0.198042, 0.055776, 0.885494, 0.473383,
       0.254505, 0.      ])]
[array([0.003918, 0.99946 ]), array([0.622671, 0.484471]), array([0.016095, 0.716087, 0.399602]), array([0.274731, 0.394576, 0.421828, 0.411021]), array([0.88756 , 0.175025, 0.979873, 0.988467]), array([0.457813, 0.375795, 0.577657, 0.438658, 0.017346]), array([0.01751 , 0.213231, 0.424967, 0.044905, 0.327733, 0.887025]), array([2.88333e-01, 1.28039e-01, 1.90342e-01, 5.28000e-04, 8.69421e-01,
       7.64958e-01, 2.18682e-01, 2.39000e-03])]
[array([0.004402, 0.00033 ]), array([0.69172 , 0.661343]), array([0.063229, 0.711381, 0.36739 ]), array([0.49603 , 0.34774 , 0.399859, 0.360807]), array([0.989923, 0.278871, 0.923543, 0.995886]), array([0.446858, 0.469936, 0.644334, 0.729109, 0.003508]), array([0.023136, 0.124535, 0.427385, 0.199449, 0.474449, 0.614707]), array([0.095489, 0.268873, 0.010664, 0.400923, 0.925313, 0.801993,
       0.057512, 0.712792])]
[array([0.432767, 0.484184]), array([0.728626, 0.019944]), array([0.137851, 0.307852, 0.869466]), array([0.436816, 0.440218, 0.377557, 0.434699]), array([0.01    , 0.658211, 0.999999, 0.01    ]), array([0.48099 , 0.380552, 0.999999, 0.671843, 0.1     ]), array([0.505052, 0.564486, 0.45259 , 0.458036, 0.58965 , 0.526354]), array([0.107773, 0.160839, 0.142888, 0.158839, 0.835332, 0.507655,
       0.196162, 0.999999])]
[array([0.797902, 0.037269]), array([0.729248, 0.999999]), array([0.266369, 0.200543, 0.464891]), array([0.411124, 0.434064, 0.426513, 0.405892]), array([0.245767, 0.106958, 0.243089, 0.906076]), array([0.40233 , 0.330813, 0.57361 , 0.733655, 0.1     ]), array([0.505052, 0.564486, 0.45259 , 0.458036, 0.58965 , 0.526354]), array([0.117084, 0.041402, 0.084333, 0.297372, 0.8265  , 0.565729,
       0.051564, 0.482499])]
[array([0.728938, 0.77982 ]), array([0.755689, 0.999999]), array([0.611482, 0.365102, 0.085117]), array([0.426399, 0.422919, 0.438869, 0.420198]), array([0.      , 0.45728 , 0.999999, 0.999999]), array([0.434142, 0.36178 , 0.508514, 0.725458, 0.1     ]), array([0.160714, 0.402693, 0.443212, 0.406155, 0.337573, 0.76721 ]), array([0.103154, 0.164045, 0.170564, 0.364202, 0.972367, 0.604567,
       0.275106, 0.739615])]
[array([0.999999, 0.371457]), array([0.      , 0.999999]), array([0.227831, 0.729621, 0.534936]), array([0.40124 , 0.434465, 0.387067, 0.410553]), array([0.      , 0.999999, 0.999999, 0.999999]), array([0.324898, 0.358779, 0.506258, 0.748861, 0.12    ]), array([0.045091, 0.528666, 0.329265, 0.10535 , 0.434671, 0.641164]), array([0.10363 , 0.128461, 0.126481, 0.182156, 0.801393, 0.495372,
       0.196826, 0.999999])]
[array([0.999999, 0.      ]), array([0.771741, 0.913642]), array([0.030819, 0.79529 , 0.414768]), array([0.42185 , 0.409319, 0.416324, 0.44628 ]), array([0.999999, 0.999999, 0.999999, 0.867831]), array([0.433622, 0.349383, 0.580355, 0.750192, 0.12    ]), array([0.160714, 0.402693, 0.443212, 0.406155, 0.337573, 0.76721 ]), array([0.111519, 0.131344, 0.144289, 0.182906, 0.817329, 0.512297,
       0.187727, 0.999999])]