[array([0.448979, 0.142857]), array([0.693877, 0.673469]), array([0.999999, 0.789473, 0.368421]), array([0.496549, 0.501841, 0.012308, 0.428168]), array([0.434175, 0.825427, 0.503585, 0.91108 ]), array([0.507728, 0.382637, 0.454993, 0.374126, 0.825804]), array([0.144277, 0.891768, 0.397863, 0.605881, 0.018999, 0.346618]), array([0.36951 , 0.363735, 0.198073, 0.862964, 0.355836, 0.519775,
       0.25801 , 0.676804])]
[array([0.708964, 0.494269]), array([0.965009, 0.754037]), array([0.579462, 0.533837, 0.014859]), array([0.543856, 0.42848 , 0.415845, 0.268982]), array([0.349989, 0.846196, 0.898888, 0.892399]), array([0.570911, 0.286111, 0.619112, 0.88028 , 0.      ]), array([0.01333 , 0.543125, 0.604925, 0.220922, 0.400476, 0.73541 ]), array([0.09955 , 0.145551, 0.062205, 0.074927, 1.      , 0.882307,
       0.417171, 1.      ])]
[array([0.986481, 0.986619]), array([0.686316, 0.030316]), array([1.      , 0.669794, 0.852827]), array([0.427629, 0.419856, 0.400742, 0.398136]), array([0.900721, 0.      , 1.      , 1.      ]), array([0.383069, 0.      , 0.865257, 1.      , 0.      ]), array([0.      , 0.543118, 0.604979, 0.209641, 0.370611, 0.773404]), array([0.067328, 0.056131, 0.189199, 0.      , 1.      , 0.411794,
       0.083345, 0.      ])]
[array([0.060194, 0.333985]), array([0.673848, 1.      ]), array([0.879425, 0.035487, 0.649144]), array([0.389272, 0.417332, 0.404425, 0.438075]), array([0.604461, 0.7663  , 0.901927, 0.999774]), array([0.528391, 0.388505, 0.378203, 1.      , 0.      ]), array([0.      , 0.261823, 0.623526, 0.173633, 0.3524  , 0.687293]), array([0.132486, 0.145469, 0.145046, 0.112968, 1.      , 0.420346,
       0.214975, 1.      ])]
[array([0.740501, 0.838613]), array([0.694012, 0.552245]), array([0.999999, 0.999999, 0.511105]), array([0.389269, 0.399017, 0.409621, 0.436993]), array([0.      , 0.      , 0.999999, 0.999999]), array([0.49504 , 0.374145, 0.668601, 0.730433, 0.042307]), array([0.      , 0.173902, 0.980389, 0.036612, 0.360671, 0.758884]), array([0.185541, 0.171257, 0.198042, 0.055776, 0.885494, 0.473383,
       0.254505, 0.      ])]
[array([0.003918, 0.99946 ]), array([0.622671, 0.484471]), array([0.016095, 0.716087, 0.399602]), array([0.274731, 0.394576, 0.421828, 0.411021]), array([0.88756 , 0.175025, 0.979873, 0.988467]), array([0.457813, 0.375795, 0.577657, 0.438658, 0.017346]), array([0.01751 , 0.213231, 0.424967, 0.044905, 0.327733, 0.887025]), array([2.88333e-01, 1.28039e-01, 1.90342e-01, 5.28000e-04, 8.69421e-01,
       7.64958e-01, 2.18682e-01, 2.39000e-03])]