[
       array([0.448979, 0.142857]), 
       array([0.693877, 0.673469]), 
       array([0.999999, 0.789473, 0.368421]), 
       array([0.496549, 0.501841, 0.012308, 0.428168]), 
       array([0.434175, 0.825427, 0.503585, 0.91108 ]), 
       array([0.507728, 0.382637, 0.454993, 0.374126, 0.825804]), 
       array([0.144277, 0.891768, 0.397863, 0.605881, 0.018999, 0.346618]), 
       array([0.36951 , 0.363735, 0.198073, 0.862964, 0.355836, 0.519775, 0.25801, 0.676804])]

[
       array([0.708964, 0.494269]), 
       array([0.965009, 0.754037]), 
       array([0.579462, 0.533837, 0.014859]), 
       array([0.543856, 0.42848 , 0.415845, 0.268982]), 
       array([0.349989, 0.846196, 0.898888, 0.892399]), 
       array([0.570911, 0.286111, 0.619112, 0.88028 , 0.      ]), 
       array([0.01333 , 0.543125, 0.604925, 0.220922, 0.400476, 0.73541 ]), 
       array([0.09955 , 0.145551, 0.062205, 0.074927, 1.      , 0.882307, 0.417171, 1.      ])
]